     139=N    1879=I 15-16QA                                         -3(20F4.0)~
16321257168213062571266833853162272318033009214828432556152717851198247623071607
23981789243123712618275129323092238225481982220614591666160513692281218927422376
28802385199726301976188621282578176913841052156213881624151414731941117918052421
19122290166518861160 88517492309269718151712241921191355172217441572145923572881
18212356242421251489217919521689174620292502222625563032177030582441311619862252
257332782285253221411905193827012496204022882551 949 714 935 9451862219014441629
1191178815941657114117681684202615561513226419091678185722102396296918191281
     102=N    1916=I 16-16QA                                         -3(20F4.0)~
45865909514672324866436542022932335843454574357329052807434343633920404332772806
32794411446835024542245628652651353227453295307820022490276222222989271727552614
26462996347527252915276526211648207717681643140420702548233518842306197119611775
17681884167415871580147619931838222618172308195821272495300921711810151518971683
19081743185917402677155921651543288617121794201818652389221322391619190420072270
17851743
      89=N    1929=I 35-4QA                                          -3(20F4.0)~
24802527263532122182162826431863187620462470191317141637149820202126219820831950
15732236201320792306196914521710171818291436139419781367147117501545173013501400
13231484190922211916192628601681183119141645198816561604161820001479156713841520
17161423112613421439136017581986182317831021173012621785 96216131189147415141370
140711641689162813291541137412771107
     188=N    1830=I 37-4QA                                          -3(20F4.0)~
11981063 646 8771519 947104111031142123512831352162911931162 706 685 68610211243
13561533 924 6481024 987 819 824 59215951388 931 9411472 728 971 761 840 6211284
1076 925 8741038111411281154 8821087125910831149 8381049113714851632131110791420
 90113441126 904 754 725 734 965 566 892 673 544136811701012 748 788 5381167 718
 745 6151213 787 6901230 905 8201379 7721289 7921079 761 762 981 344 323 410 422
 592 569 822 615 633 564 467 727 74810591193 827 93010731146109411991241 9791209
17411356 900 868 945 609 999 796 982 952 8281161 9311227108412481086132116382011
14261726184116201677144914001197122615772314112413191245121612761456 892 685 829
 546 73610431083114719241663166120511693274014171238 812170012411370140914531947
 819 848 784 720 893107211091664
     111=N    1907=I 38-8aQA                                         -3(16F5.0)~
10826 8644 2418 1372  781 1203 1192 1010 1585 1226 1988 2523 3109 3422 3106 2127
 2397 3610 3304 2143 2430 4305 3698 4587 6246 7602 4917 4750 5698 3773 6634 4096
 4746 4486 3473 4108 3133 2648 3375 3008 3726 2322 2513 2880 3081 2327 2770 2294
 2384 2747 1808 2251 2047 2758 2348 2674 2243 1998 1834 1621 2015 2227 2105 1749
 1984 2285 1729 2216 1910 1884 1571 1339 1712 1966 1260 1339 1241 1597 1478 1594
  946  976 1164 1229 1083 1338 1298 1206 1600 1487 1360 1976 1406 1905 1037 1149
  798 1110  839 1062 1043 1158 1565 1289 1313 1200 1358 1301 1282  948  884
     101=N    1917=I 39-8QA                                          -3(20F4.0)~
19441207161829742091439033163752390439603073298326683622248525431820156125121099
10972131193527441458240317172084280821242579220218201976218714062204156413541608
18371844165417042332152313341699129112891349189618741240144815891256185916521928
1496115815361625118622601761193122621778 875 781 9591097112914841493113122202278
15122113181624402024126914511426109815441919189328632091153018581584205519221490
1764
     173=N    1845=I 40-16QA                                         -3(20F4.0)~
 904101710471075 399 523 8932180 688137411591188 865 94315071856 661 488 928 847
 518 673 504 387 633 462 485 406 396 558 376 426 243 459 335 391 243 411 326 301
 301 269 234 6771262 872 761 732 478 329 388 583 641 564 573 300 663 71711641222
 694 640 476 639 377 299 498 449 434 499111211491301159811251285111118181322 872
12091203 789 924107610971114 898175422852347207731903624313332832202301028512756
19982698230920822545241860054625458145064698483442145471492350786873470550395298
44262924311636905540405245574637394643074522387131042866219432122239326124702468
27552796162421851794167515202537297632973493396233893668353736082857207621162267
2495200623171787205416412072162118872103189114851559
      52=N    1966=I 74-12QA                                         -3(20F4.0)~
30134063386736503562375441913619406232623444378828463429404938503633297438283806
51024595426550663529362949033812437336274433330240792830483739304715592864845136
623851466709680550765142408735454266571340186815
     138=N    1880=I 88-12QA                                         -3(20F4.0)~
21432862231430442337331519892308208536762005222216381032 697 352108115521097 791
 8341084351026384288411526022730288413671420136221022765190325832257243920411722
2447 983137012901638195322541936154619281495 95511091022 90724081398197328762153
35431596188425292328299625912721207618562773260321371674189917852224349641692095
20792623200916012034166219992001212331372861302026582385260334823527223117832652
37022314223320362672237725822031172618912137202328062710248428131844224430531731
2492196819121181 8861010106913651328238816591965123919731330229715791742
     104=N    1914=I 89-12QA                                         -3(20F4.0)~
46412851209823701719194629132102542926783651348221512016297926003038302429732224
339451712021230718562626345221642737174023281443 9811667180612492067259717762056
17261364202918962648158216112293131111091496 76310851610206920571211125523091260
1816219218801616139621822337191321311518155319091219 896 96916671629113932902078
17831447137711471683 9271220 982 905 717 964 6721035 821132314941038126910411883
1527198310911124
      90=N    1928=I 95-8QA                                          -3(20F4.0)~
23922356190434032729172723843498186131242945375635782148301725433520292731673422
358922483903335928292805257524892931365547501138 744 599 529 622 659 618 688 583
 868 93110691037158013041016148928471210137122971828188423561759151218001057 969
 89316801335 8771846145715662044272828713460215719842404226523402522203325662497
3228307926902755216521941988223717591827
     213=N    1805=I 117-8QA                                         -3(20F4.0)~
 433 694 579 620 844 368 583 491 251 661 701 235 492 398 370 194 133 156 216 226
 214 223 160 133 217 108 256 416 400 448 658 573 786 297 633 205 168 189 174 332
 160 150 191 240 159 141 202 236 273 183 199 208 189 177 142 185 143  76 181 385
 290 480 203 129 273 140 339 256 222 141 204 269 165 173  99 333 690 632 666 586
 350 412 229 269 263 445 233 323 238 458 4861076 515 356 408 644 674 989 597 511
 175 192 229 317 414 528 402 740 313 195 193 292 514 444 697 658 540 859 8891368
13231329192221862636326432343366245630053638307238952968383137832635381933462624
23832829335225583004370541173062382525552171326824913840325723913159197021402061
20302061193120532796187625271819123916831712140031802280168838053416384141233842
31473780217230922880291627313463387933172679231519512436237530372250216618762187
1961216221381512230718012131150313071270186116061993
     117=N    1901=I 133-12QA                                        -3(20F4.0)~
21523075234821661475117510101159 699 98912471096 9441212209712461186105117431769
20252300199122223179160723822475217719522275208917152659293019062611249125333127
18802482240328692939325336732671215426803018164020711596137529851796161912501594
1663135315031358 986 99616001418151713321554169914721376150213541657140011481217
1593 919 9431234 743 567 591 76111361636 998147714141649155222361896184015312062
1740166110741400140416361397 623209914792064147115811862164013131668
     141=N    1877=I 138-8QA                                         -3(20F4.0)~
22913401127017522468220932311881263722672758254021452680185527931854205916882168
21262694182420372502288129013479253925842106210814471268119912361437110811861554
17811135 963 976 8731032 748 803 658 658 8831011 967 861 912 898 728 653 792 399
 734 773 592 588 554 889 750 634 6111084 923 709 69712411070 890 959 962 815 924
 8911247 887 7351131 9621023 940109312091372129519291242156415691651128115001435
212919781775251911081323174313371245 870 637122717111373 83719281787202021691527
183218261791255113661260 85910191126131914391129174611381603 9151606117019561117
1415
     122=N    1896=I 179-4QA                                         -3(20F4.0)~
11151588120917141118205529612687225721842400169013871323128810361005 787 9031002
16502614296435873174263025642543231527562122244123572316244629652250210816722806
16342534292627822259210225242850297530913507451934601551248520772169224721521556
20101828288620922393507829903592329221181557173820271983201025412195188021332352
22692651245326472252220819661917201318161017151613071998173913511831139217181668
14031508170212211779136317591803176014781415120111361241126210091062118211641276
11761367
      99=N    1919=I 184-4QA                                         -3(20F4.0)~
14921750156918361486161218211677233228752123201232243196381624623428176037243550
25643390261739402791247827922552242516351286282821231506275818121248271319842061
13651986238513231473174112601434211413571666168015971692130918551598146912431389
14121315131117161028 760129214831295100214051466 8551644172712841329116113151016
 828148312261344 750 882 699 893 9521055 92710081110 854 9581027 929 862 924
     111=N    1907=I 202-16QA                                        -3(20F4.0)~
136315211211114313791879166816361677139013481167 9881211102111141210123812451501
13511295119913381518141013781213138612141278180314021551156317132002170416571659
14951467123312651303109913241634186825292545276629362711287726083534297227702961
33073843366834883889329830263296277624212222198522583157280426503078298531943261
35392854308725732563248237293587340828082464181321432845282932392422320242293123
27842948335024982195169422542318268624502157
     170=N    1848=I 206-12QA                                        -3(20F4.0)~
136010151189 869 967 825 729 858 852 510 653 626 559 577 496 573 382 409 307 286
 311 260 299 362 315 412 295 264 369 290 220 383 397 326 368 224 322 220 232 156
 354 444 455 420 297 330 403 290 475 499 278 300 256 263 354 250 207 389 880 993
126411231140 7301271110910171262115812101189 944 790 675 643 768 780 98014451113
110710181140 986 884 840 668 771 897101810831266131010051217 978 956141414561759
1261 9991070 797 985 86510561080130113231023255327074782252019152672146315851549
19942332264835222427265230772967306326483233283231962316263527782669225927272884
23432243169515161824204821811848265421322202200524201721225517932135205318811349
1763216617881985161223072152191814881549
     111=N    1907=I 210-8QA                                         -3(20F4.0)~
4518628829533422286225082578209522241912238318321899223215161875134614591574 667
 663 899 899112211771021 719 462 882 498 783146112131605 890 9091015 94911641260
1245 911 646 791 968 888 8841109 8501013134619011194150419541104 912126810271024
16811505153214571518180415041551150319521582130013482034181217171470164115902192
 970 985 910 927 721186415801366151915691139191010311538145612341169181414021491
15872237288824062017152421721574136012582507
     140=N    1878=I 215-8QA                                         -3(20F4.0)~
13801016 932 625 457 746 932 806 474 628 375 404 319 303 257 366 350 320 279 335
 243 269 201 209 226 198 204 205 123 175 189 296 209 320 416 467 581 657 8361001
 968 937115810031393 9931001 668 711 792 695 803 9751168183827692086321214684012
39253706446027033052200026683128272529151626110214701397160819512322153829581956
23121546187932482217244117641374144815411369181112521412128410141147142412811395
12011173139013671567143012831020 658 910 873168813451045131912981319137515541410
132910091361 9221253 895 8561208141612161701149012961306120613541415164112591731
     148=N    1870=I 219-16QA                                        -3(20F4.0)~
11381231136416151883159911731399231013601295137111921226 97817061006137913942760
1747142515601013 981 98417691506170116071231254837202580286625002055159420721874
19701365192822681779225420672484141017851508206527792195243218951957245726042408
24113370277226911914290420032702235626853430214430312139223825612803184818021650
193022451921295731372533340136242998227420852710206415291541 8591333156610641694
19471866256615081266152719301201 973 8521165130515841997156720741579195918061833
1421 944190915561350189020051286214020112280214121021801225816861900202619782009
18411991192518541769151115851827
     210=N    1808=I  223-4QA                                        -3(20F4.0)~
 317 224 259 642 527 485 511 761113723061408187010621401 495 813 846152417952031
20451889183011621090146917981145143813301284115510811025 964 877 795 87517411393
220016971530157714441660174413981864 9971187164120451447199822812244277918472522
19422561179318981554158518061950270431192884340928303414245123202489266424181773
19872302167623683012201723192042186119481564174713861365179420121889158617561403
16991292 95913392098162714201433169613141265152512771298143712131084157411741377
147413161142140714341265139213321111132413931170 834 748 961 964 796 79111441038
1006 8921346 8911428145512701308140914981344137013361429142115811462111910871154
14001627160019081793196917402016165320321618157517251250126811151528141413531491
1732167916731053 994 99710721344113412721309117212581414 886 8201136112710491246
11211546131413621148125211661328 9661096
     122=N    1896=I 228-16QA                                        -3(20F4.0)~
547748125556310621022461379042423488291928742055210316511376172519831835 9832004
16341903 94418921750127917191234149613391291183521051273134617891349126315262385
12921408142113851639122315411277139014651791165413761256162518191344201412591129
151118251623101012531259107311321316 809 891133210491364 95911621191111811551716
1251 865114017261829 8921348107411181030 675 960 90512301198 8432152134016871750
1254155313661157 790162613411214174511821518132214521423108712381094135214031215
12261222
     151=N    1867=I 233-12QA                                        -3(20F4.0)~
34881945201618762539251322303091338234573015358338164833441035612296314517762414
1802172824062244200214601412103812991098127412991078 982103119732159188718222095
1656201117501616170815261841141517131605159811551074 9591216 8311190127821931523
18311331173414191957230318491326167812421795123118031596128016591748127211652099
133619191374163320931398195815541584180914951571104810431551 9561469 9231262 919
 685 7891037 971 9831548 7471096106613771135151410752052 927115410861259 9951430
120312171306 594 503 261 454 457 327 287 337 339 372 487 676 318 343 529 528 765
 774 6491634 6891098 997 7371306 8201352 569
     111=N    1907=I 247-16QA                                        -3(20F4.0)~
34263536255926443350303736814198659247093491189032822334176845793753447834843277
18781706153319022093211917471711229612522176182018633093184031003085243927002680
32922804370933603325248932772077219531193014362519472354303828831976254714621715
15872395261417651968239816722416240722461778167618652208180720271523191617982170
17161521232615371059154612011298190417361497208614191348138915181676203416722289
16941510168317181393125516861516146312281526
     181=N    1837=I 261-16QA                                        -3(20F4.0)~
1234 485 578 630 892 584 602 493 968 450 509 646 518 460 149 537 237 195 177 154
 136 429 375 301 418 331 394 236 396 256 275 145 357 314 188 197  88 192 224 372
 706 881 905 723 910 79312011059 937 615 545 7921419 689 784 574 395 190 124 159
 152 175 154 286 119 153 166 741107815401618163311531528106915951882174028882393
2308169216562628156530752405256624081848200819451668145412641414116310141739 669
 8491411123215651071146413221441131511811716 937107016331584 89114391181 9651757
15911809107713442120171610581691101410801072192623401861204422031318168717851681
1251135717152182160921251173141418671304 914 7271406 983 557 6201042 914 902 919
112920101014173813891745113119021120135112911489238223361493 9901302 8931111 814
1153
     124=N    1894=I 269-12QA                                        -3(20F4.0)~
18622647256825252750280326672521371343994648340233422626353129892836361132042786
25522913248826072433224822662476309822602954461634022056218019682137223021892184
14742328175522633001281130711891183523562872262526832951239819662321257825252808
25812184305728332634263128594126211821192730159020172010211825902469265526792210
24122713248926982264228331622532242827022947292230932626251730553005220133063119
28532022257326502935207031101852211522452754193022652391240132562598231819562136
1869211114762344
      53=N    1965=I 278-16QA                                        -3(20F4.0)~
28893906508254733409299555996200342145834423362528142943403828302342330231522518
36363785195819642669306638494506313934825347509339023788233047392921359933554070
3140351637513019485139612985289329922601360423124247
      92=N    1926=I  18-16QR                                        -3(20F4.0)~
21492304307425562173324030012829240531292239335144504350399030422884237720403074
40976026483550665587558226763158476057134678494254165764427852975069375938803499
37673585424552194812473148093094467742544513460553465094626748115412673557944781
59967020642754104711388544033715333140704454346643903831396740493736388949293616
388037594085606551883767432147803670368635313649
      65=N    1953=I 20-12QR                                         -3(20F4.0)~
77846112665269115479463042564045393941492863358533954092515164737478848778418256
66247577654968056657626774578659703273706627609147185539587759814798431636174378
42485081548458834393513746035129443548364122470145434565380240136017403939503798
42983908398425722642
     107=N    1911=I 21-8QR                                          -3(20F4.0)~
36062757228524903108216617802584232819371988120815831173133017622300149222262485
2047164915421042127711381462199414181390111013691065 743 89415611956141414021386
11821061131012531367177517782080141817461741180612781097129011781227188523902073
20882012201622822129168620181895218920921611211924351935187321492183221923692454
14942004226520122213282619141946184731152367200420662845208719772129213230292124
2501213624811968215719482330
     123=N    1895=I 44-8QR                                          -3(20F4.0)~
27393022331226082813336323054379363635944282422541445282393438234139433236882754
26053248314425642563237127442671252022772306215918862633279928603329263219221720
22571778201217902454278027003349340030652709216130582517247830123215292527502650
19241979246926882036254828001294166421331443124316372202233223162087214416731529
18671565184317672286284518101958232622432015283024162235196816161165 533 604 459
 604 891 91813591239130918141828143317361958203217811789199619311936181121242088
208419871964
      53=N    1965=I 54-12QR                                         -3(20F4.0)~
64255950674399479521841279688604641075666481670352114379564370925535490740593089
40895181417728392102180415013934433234264413419428233317273838112895192124282933
2066425249965445507324712191284228303211331327643623
      40=N    1978=I 63-8QR                                          -3(16F5.0)~
 6025 7086 8483 8749 710110534 6679 5792 7573 5979 5191 4959 4764 3217 4835 5949
 5889 5404 6086 5371 8501 6815 8869 6882 5547 4974 3795 2416 2650 2009 3110 3857
 3830 4042 3791 3994 3997 5501 3405 3677
      47=N    1971=I 94-16QR                                         -3(20F4.0)~
30492547228122473484378027643395523343085105565443054894514158546464410354454997
40397533573660945776661356927576554660155580575970177492655273485262642680707733
5747527661776139864950386083
     149=N    1869=I 96-8QR                                          -3(20F4.0)~
10931045 818 785 8661096 8161092 872 763 7231045 700 820 851 711 986 767 522 647
 956 792 649 531 693 805 7271206112910641221177321533731391642333617306322772751
22381595200221051858171024392621295424692281214919262451184118872186229420282344
21742305230818761844192126832043278433402627289018583019306323832900262525762865
17482146196615552238185414711858190319821506182922111540156516871374131513511646
17901564146919371546132116671766150916691788195720421979167018461602193517881460
17891277116314081478148216561634161017991276135310551305161116341403142414341587
164213291318145014021677152810541518
      26=N    1992=I 109-15QR                                        -3(20F4.0)~
31341544178322743702297942212746370830503777369432232941314127302924361631303772
408045225075499545495372
     141=N    1877=I 129-16QR                                        -3(20F4.0)~
25864122354838464400364647873856482233594102354652694763334928852885310428933702
52503248292525422698398627973027307729701849226923722100238623352009185334433507
32062420216324002223215921812841232519412236191321091679227618771383142616601177
1089111616201378135712211336126611461033119710921018107512201265102711431043 933
11741094 993 8051066 946 7921092 794 776 758 873 85012721145 818 926 852 872 572
 645 746 890 721 803 831 878 467 649 571 550 734 849 717 777 861 920 876 928 811
 876 8121037 9711241 876 711 801 727 771 753 88410451110 990 86810041019 929 637
 959
     126=N    1892=I 132-12QR                                        -3(20F4.0)~
16401246157919772819369438993276257531114237364636413186271128313912274728592627
28082600217033933146283122692325279722352963220823471899229221412145233126452356
18011649123420921793173023972130265617292330252322742354200327832362169523412552
20392350221220732986358931332407318646543547314139853444318428913482458935003372
34423109334334942860250525404102434135884130366633892600141820552190236927121597
20441988225922412664239022921780157816571876232824033041341123312545278629222293
191521452497271019772171
      60=N    1958=I 134-8QR                                         -3(16F5.0)~
 1304  851  589 2569 1343 1408 1046 1057 1565 2049 2191 2518 1612 2034 1856 1000
 1447 1494 1483 1670 1315 1242 1701 1552 1435 1226 1122 1326  776 1710 1837 2234
 2083 2968 4054 4009 4862 5304 5007 4733 6852 4553 6804 4994 6174 6595 6821 6512
 8797 6974 8128 7159 8816 9121 7339 741210505 9408 9672 9422
     160=N    1858=I 135-4QR                                         -3(20F4.0)~
 427 490 489 8671084 354 420 439 531 596 461 407 446 528 461119311971069 8601038
1058 965 8991167 870 996101912261016 980 969 9621183 998 9061015 636 801 7581663
130211871153 867 97014401418127714291194 9961038 79412071288 667 819 9201232 955
 791 864 7871046 781 911 809 813 8521033 9571379106512591288116611951391 9581131
12221493118512141086201923302384208025331994165525072797205623632202207521561907
23732065182821002219235222301913211322752256205517652106163718581894218118852309
22961704182116402117139211011775190918951656166114401410142118631948141713541527
16091491151217521624115714271864159216141641163913351578170315351693168718081276
      84=N    1934=I 140-12QR                                        -3(20F4.0)~
47807220181151194894539851793201414838944557466838896808566436055001493529433010
32522829328728363845319429423912332239284032299427173876420741572493268936853242
34453908423339212826421245683085365029973470363423923442298435113920225127373705
28922762232030023042349940833331306933943413252919641479164120521905176418971982
2322174517801856
      93=N    1925=I 144-4QR                                         -3(20F4.0)~
26052271280232832729328034553511201427584234203218632194210934312195165620772401
21282070182919791782215029542047195917591350200217142286169017872807188919312610
18822098252631493213225026553886334330683187301336104143452436073566324321911899
22141968287226093253350623922426222126993539260626472532180824352163171413502192
2313189616681724208520551582188220781762206113821606
      69=N    1949=I 154-16QR                                        -3(20F4.0)~
51034340625537425633426538546546396861573469469356734307470639992532218541734461
50534401377951164255394442283940401948923200439935333363175229341628 82936572068
38135097169220951584169416071730141017301474217623371637218336233173427325183113
514866484905359639945081541223734181
      45=N    1973=I 165-QR                                          -3(20F4.0)~
5478481739763536458928683026361241134296294834761896 905129712822773326528654442
36703508369138013460414837514381399335493490432340473709360131434062385637683707
43974307444628423617
      30=N    1988=I 172-12QR                                        -3(16F5.0)~
 4554 4045 3138 3231 7877 5936 6720 820411130 863711878 638310955 9655 9447 9193
10154 876210366 6559 7044 8441 5792 5198 3988 6992 9952 7796 2377 3260
      73=N    1945=I 180-12QR                                        -3(20F4.0)~
65425478722241793413529848133508329332592982298323242852181715152229164117672016
14171434195619991781202023532370164516471677176723402320165423331805198516251565
18112014193816701843219721902862299329792400211421043206241928682101271239444366
3104352425272913428233442486321630643850395130513847
     113=N    1905=I 181-8QR                                         -3(20F4.0)~
30392719193322032200157921722031231920823150354835583532436451175244517150004905
50934071391838744024351737643573317525593128341338624950521139973328352734453375
29862830324927801925229820981911173519591823164819502371190117611803178819582042
19241576169717892063138313501532146214011590132114911757182119631586161617081566
15391297149315231612211918331570188413641270131611891075144911951165119814051915
1682180015471428169415871451129812481422152215131305
      31=N    1987=I 182-12QR                                        -3(20F4.0)~
56524836559950077025525160965594652362265631694161656063676178447432626669767032
58765993563369325039618353684683534755015229
      51=N    1967=I 183-8QR                                         -3(20F4.0)~
28102615227328612802340844606004605766754151340753537113720058685244459339707415
77295555548524702939324728483909684030403276515241324888284040214719376239784866
31103506429865654133284222772803280126793916
      80=N    1938=I 187-12QR                                        -3(20F4.0)~
33163013284721173675294032393160348445105104460962685592394446803512284247662924
44733420352441033437418137302931305841573801401029764275395628052983461834473747
36962941310830643197218425382436315628271556207418091795321023033023352032503342
46933095381722512606286129543458329526422872301426762571383133942925422826603434
     100=N    1918=I 194-12QR                                        -3(20F4.0)~
21702452322028334028382027002996253035223367281926912498259026782452329731292926
33983930383838874577467440373593425956413864311837843463226823942360194723942816
30942211171424861900176523561595138511891756183414291875155713401443153913451652
18371665194518821827122711771263 782 696 98310551014 964121711251500112611911170
13661015132211021142 956108513251226 959 710 752 810 930 845 666 687 862 591 634
     119=N    1899=I 205-8QR                                         -3(20F4.0)~
2272212424591854128616971575138012361260 556 764 659 476 258 319 222 386 301 209
 242 346 417 410 733 611 9421790168413681326121813212056223122051505119717921976
31623373246227662696262418442477308622741866252925762257217430802702318231382891
143211091132 928 769137012301043100417322898229923002750229026822787255034973662
35514082287431762842261423911641132628972575223425762390249922322312275824301918
1532170427743297244928382854383734333591397435193520297226502818231826942081
      83=N    1935=I 207-4QR                                         -3(20F4.0)~
57915144286357405488626752726153470743724789529657214602357848365010435235705043
58975987607263094848516747604394464037493226292331333974563545833826367533862548
27593233327626572959330525962576205324322123156621752155188514461183130914451680
10201729148418361422150214501495109413081532165526611396180113751139105310181103
13631028 792
      46=N    1972=I 213-12QR                                        -3(20F4.0)~
22221722307330613404234019212886409636934132460537873783554655204822552546443944
53905344498452215172528270934355560248346279717592526707769256836378743879165194
526577216138802645296704
     110=N    1908=I 217-12QR                                        -3(20F4.0)~
50803823467552104535459353885458446349493678392844493458389330553567311331873037
28382258233029942635220922912970193635183240460459513608302737754123319830033331
25362754443141323418332428342189259525702523206620622859208123752755228519592943
36123499215624422607257221862997257627552857362244314057429534962888217611352589
30014737499133373931423037973330353736603792305219162205323532724100374928872443
2460376837162917248635933294314126503304
      28=N    1990=I 227-11QR                                        -3(20F4.0)~
81773737479641353568253021333191357426233708341560196643508245315126378543545658
48273936508541604574478238444932
     111=N    1907=I 229-4QR                                         -3(20F4.0)~
26053149228129002533276725672231305637473320315536763485354735332596272530202874
26443530384843214412378129872754418537834111419646534483398347554122409541924010
51223070485647443788386039123906298027973551358429742335304622682404300320942309
20782240222014622123259318741422190615741567164215002153142017741656170416931562
1743144217051480108114361277118913851204103814251386124111521166 889113713041475
11821395 98212041190 990 788 638 715 600 577
      40=N    1978=I 236-12QR                                        -3(20F4.0)~
30982642276237824085474449094751680174376025694064904379671557266226593270657505
88597036774965246975713691427081594371377211728146467063759668995307690548805962
     193=N    1825=I 237-8QR                                         -3(20F4.0)~
1190 943 756 920 83910251172 438 424 373 376 221 322 572 332 275 324 478 653 524
 524 696 780 748 836 502 427 389 536 389 385 460 414 493 266 250 623 215 494 528
 556 218 339 428 229 314 311 610 667 571 387 317 230 515 357 495 473 614 532 538
 818 664 409 456 750 495 378 498 527 959 7471132 786 6491024 692 769 839 675 593
 531 183 286 355 531 464 411 797 894 3091367197927303006314523093595394833641784
185814171085 9471042142519092185221319532711228426072492223431152601263231102924
2050184312421384129715671240 926101413851506245824863487266131133561372824332326
17961978207924052934276727602276233621582338212120182095234034293307329651664602
47575016402241564098424314602363356327123380295134844255315047903327191928743720
3107191024482675334928783202254826532826371623513106
     200=N    1818=I 238-8QR                                         -3(20F4.0)~
 621 533 480 534 464 409 523 75211051076134814401459 8351013 528 473 367 659 533
 386 628 622 568 573 840 841 7901081 487 808 791 837 654 9531008 468 528 407 473
 457 397 242 325 397 332 429 291 316 290 318 978 430 663 466 941 962 744 8961273
1557129910581414 991 900 508 818 601 351 426 484 441 304 490 412 474 361 691 959
 887 814 93310422157176123492224163010091439 85312431764151415551501202819922025
20002001213714671822150116761551 93713831468172017363047269822882532328124953925
46233659368223683735312634932903289129092698242131603391281135882794240028492945
290123162092261620731596150916371647216717901720 94211591076 99910431187 875 779
 9621484208516372041140516501121184520252320249719611239262521332199244425422292
36022055281718972219238321382147232723281589172722831778176817432021193412981938
      67=N    1951=I 239-4QR                                         -3(20F4.0)~
 149 158 225 232 412 99812861191 928 359 929 871 906 975 913 782 8901032 602 731
10681246 810 9822075401062995474530263955879547622913312283711372354368368706676
48726200657457485108455842666883306633483372375836824845535658075320429754053880
3070275131212694401529622454
     163=N    1855=I 240-12QR                                        -3(20F4.0)~
15691578116210211852210216841841160316822319123214651189187214261313130012941694
13311127134112251569140315861298114913341019 77913581141118514771731250824652041
17011584179925422256222817832361263639193181159213382305274628032661400225942037
23242864320030122708225019312788270134713389308727822692266823792125188416661571
16691531163817952118183017671841204216821844165724422155171116491518152616371648
15781826199312761119 93813081082104511391214128311801333188017411587156613881409
19261861183722842142274122512831278221182211199019702277274422951689181224161941
18771819164817701561152816141635151918071762189813821098153515441532128115791347
128513371447
      32=N    1986=I 241-4QR                                         -3(16F5.0)~
 9489 7763 75531191613387123071166310511 9395 9660 9119 8039 9669 4485 4795 4289
 6243 5436 4650 4262 4182 3845 2928 3628 2675 3135 2447 2451 2738 3359 2254 3200
      86=N    1932=I 245-8QR                                         -3(20F4.0)~
24611968149827741129219311491038232722733594306229613698292733382636246531193246
15372466145912871838225423681366178321041886124711131145108711041598228420751890
18411438158918731529 9161262158919571510170115421602156514251278107815081175 772
13201679154617952219146714961145 941 9721023 910167712581131 952120616621141 914
103213391265121911201563
      54=N    1964=I 273-8QR                                         -3(16F5.0)~
 3653 375710335 6405 8990 9693 7937 6666 7149 6109 3361 5403 5553 4466 2827 2681
 3896 2110 2703 2930 2579 3028 4143 3229 2248 2900 2083 1431 3486 2590 2068 2975
 3285 2138 3726 2176 3569 2543 3049 2605 3371 2266 3202 2330 2602 3687 2581 2112
 1992 2357 1957 2516 1697 2703
      89=N    1929=I 276-4QR                                         -3(20F4.0)~
1136 8791720155320582735155124651939372927351817 592 563 616 7851125164424901940
19091545170517782057168618792695278330891713244032012584265920013111340129313910
47244249386735103142269828803182401741054281469345534685593150414588528746915821
48173558295137484794411834424850471361315564662852464037244743053859345538544221
550739133388388438803398355429203100
      85=N    1933=I 277-12QR                                        -3(20F4.0)~
42623396504034505494463640964430327641872554232226062993484636823129324633722428
28872106267726672681306930852630214826302542232220841900195820692365207725002981
22753185342126362543271828393704370337972828291229193452263725763451240324774096
32862394297737503335407629434296315431093423365929732829295533003446197724382523
25862465276126172998
     144=N    1874=I 46-8QV                                          -3(20F4.0)~
31223428251719422895241823711823156710471273134419462250185623151798194819731955
151413681162141711821010 868 753200623171861200719911899225117441874185718651501
13801454141016551601165413211485130311561067144411641075127413891490163914331379
11731810130316931538143315761463184120871898140514792369190816631759170915591665
14791506155013591494147815641954132914871444120411821259163217761546160015111429
15621040111711081272140617011671198019581807192419641977183517151437165517521958
18232037211221472212161221922043175017212033244621852711209722782428265626002169
2333267624191944
      76=N    1942=I 53-16QV                                         -3(20F4.0)~
49514725550758376221835772756762786072245575555045104635491851245306523060356842
56695909564845585826558257657082693263426156479446245296413242623519347440993174
39323786345835183488317033443418323526112767250624152912308325413126250427982440
2626234425652089223025522325225922391944229922442397229424371815
      40=N    1978=I 62-8QV                                          -3(16F5.0)~
102821280610046 7100 6479 9498 8406 7906 8855 9232 8598 9448 8615 7056 7122 7495
 7113 7664 5920 4108 6018 4861 4945 3936 4665 4968 4694 4734 4638 3531 3642 4765
 4597 3845 3615 3801 3909 3484 3696 3107
      69=N    1949=I 65-8QV                                          -3(20F4.0)~
88898967715997588720827184606896605860466805516858704800496245154525444149656458
64596187526145704499423643353854431148134904464137034402389536173532363040443426
38543465242736703453307231043016364944613148427934533854338340233372409031533737
509941283317370142304284415126484244
      72=N    1946=I 178-8QV                                         -3(20F4.0)~
23252665222518923430285822223218320928754208320839593897455554553988438538283484
44144523566870535215481840813854414238183487418237303603420733633685354329773572
37823594263825972567269929733148243239293426307745683095279022552773210624673903
396425683415527854193836394535973366307234893028
     165=N    1853=I 230-16QV                                        -3(20F4.0)~
 884 571 78015891100108911111951155917051894203615281681149515341421141915132568
37812418204315881308105711872177167512511228165825032418229129102347241420402198
18561539129413241396164321901340112919262001258029303917314037452426180120393027
24852365263925992875258118532137189424911880184521181960212618611314163720471630
13601317229222251682119914631373122013121533140711821149152213871154142416561202
1308117710921179155315811530121615001212 691 597 655 678103013851126138112011182
11741021 9871011149113071080 896 9681013 813 97915751266 93210361039 998 9491177
 961149813511619 8071020 921 94010121010 9281246 984130811801153152313031322 926
10671317229213101042
      89=N    1929=I 248-4QV                                         -3(20F4.0)~
22062046190818001693161719241323113012321186119011411554184218901424168421761805
15081424134715891403152914531776204925292316236924572129179516991507137515331933
21972298195717931904199523221997248823842275274023502766252124202624254127302663
26232367184116192100201620372652247926882401249224292360237025352626290825553109
373030532715255129773453336426472495
     104=N    1914=I 274-8QV                                         -3(20F4.0)~
18852163216223002375125414851324234923063267354528932617317424222477264227271957
18581997138817312067183521231487178121501888158715541973178216632008196913221335
11861186126515231550130112921793165816741732159916681723236935864435458338763423
31443150232021591756137713771115 740 9071071103513451246117911631013 84310841107
12252333198311061242 997 774 640 865 672 911 87010731062 9011043103111691000 862
 810 735 682 730
     174=N    1844=I 125-12QP                                        -3(20F4.0)~
 404 452 386 287 316 304 260 254 230 388 331 736 573 720 624 305 242124514511478
 899157813861194 978153611941088 9711292141615411415160513571321114412171064 868
 916 970 775 960 9261264115012201416 991 887 963 949 882 750 814 773 69210771234
1197137715451276 909 852 7481338 9291137 883116110571347 99312681291116715061268
10231387108311471355177018361592173711631994175813592013153919742009178322261714
19311804206221831867126319571897139015251557145719922141170616241643190916111481
17401652164520572103243420812152273122492427223528421985233223782425232023341618
2020148619831333150820492036 8931558142916851711189214191256 660103013031193 905
1096 997108311601086178411031671153120972048198710231663
     152=N    1866=I 22-12QM                                         -3(20F4.0)~
21692108250732833197274527702598288327212993339332652859318236873717360528062965
1968224026193542177013711791151013351249205014861360 993140212981067 89313851207
12741197167612841342114812821247 6461170 813 743 409 497 475 528 787 712 538 576
 390 429 383 362 463 432 566 656 547 848 495 834 89111831083 95511431208 588 452
 763 649 424 447 496 401 494 573 411 469 495 48711131517229529212579256826622119
28632356298526792010213025542262235019811917191018911960249123872705220430532235
26311765207424922490173019061500235619181722191720821288199120631956231818161206
 84611571312153115091368111212201641152612641613
     137=N    1881=I 23-8QM                                          -3(20F4.0)~
45093779335028953087328641294398369127512472277637262534203227452575192119821949
18701940163016231579194017852414156416961324145018511288189014461088 8881538 946
 8851554118212211361131612351350183325241471108213001419132813381704186520181752
138115961210 963110114161125 665 592 735 603 772 9431357136216441512 91119993475
42243742452146234298505840164223542859585327470747864900430643554605416247304842
44103820434535333480314125863318272231033283371135073635331026522311288223923011
27543620301123711756138218562266314626422509210924301865222515111923
     108=N    1910=I 79-8QM                                          -3(20F4.0)~
27553629315431362742290920562478291627571685275622292298229421092611255125221927
17591659193624142218350424462015100716072236212826242026102510602085182818671147
17721955181613961987123316431895205212241705166315161654167217481535183618012134
27892543263322253326361228563406270537194118358841873864337137743566281937213034
29041399196527482784217925302516268421113406252533542605260621911927210923912475
31142299222623112526285422413207
     109=N    1909=I 36-16QMu                                        -3(20F4.0)~
 734 868 8261182145111851459155814441230 87211491328149311011294 856 79212061410
 810125311321180 933 6231030 578 930 5381191137710491163121413271420158321011171
 92716531533115111391360 859108312701748 9931220118311611188149010741194 9411118
14651033110916221009120914811781140615841292180311191573139712591690151316651444
15991444 86210681310106813711367135912871101174312211004 617 707 724 642 861 708
 873 5701162138311531192128010431402
     110=N    1908=I 77-                                             -3(20F4.0)~
1061 503 603 3651307157216781671176825473551332531942335320030611981334910501382
16642392246539734037254839773229247733104244367838343442464036544403504444124469
40813022407240433244341235843363431049664847310331374811385540392718348929153840
32652901350437763475326031043771243438152449244738302145286424462187292329512618
23512430232813542323230719472036151818311660106923872278310220492459183516182103
2215247929352170187824592212299521712956
     121=N    1897=I 92-                                             -3(20F4.0)~
31182508312755984281463258473293496153432059329234562209336547232954192637342736
1674314433622003146026412305228924531573216220222024305830322322216525164499 546
 828169117901598 551 9932410175123531578 71615371611 873291528141940176414121118
243928052582129023464746163612051458 8371449122518132905165012872123177821013656
2025172113962147269620572311168914491266 72618222038379532891365 937 751 9411068
 833 641 671 407 694 635 6031229 93814171145148921772158221221111937181722401535
2071
     124=N    1894=I 118-                                            -3(20F4.0)~
29382475269325501782160215981412200817981599123412271223148814511127112112751233
103013701089 878 484 613 604 692 622 839 832 99412581901172124881733240729523374
21152606 896 9371079129212681256237718442324196424002274181025492878347037164113
40023702416824803771277130223835279134643466292526983194317839143354389836002904
34924059370134183540377042814226338439123932263324973547434941352754323831393398
32814271367131082590346133153051368924203473351836642953293634763508314224542224
1693168318872084
     193=N    1825=I 224-                                            -3(20F4.0)~
10771016124417912005235623252667276427923045210413751668202622981728160618151525
1667194622241709197716411643223521423873221322392247211216721609156113941161 932
1130122711911321 937135411911077 946 714 771113311911164131313381013118114941247
16972635215717281551181218701762108711351619142613031493 8901142 760161814421307
15591645 987143213611137 819 871 487 967 499 656 458 864 700 682 66212171003 735
 703 700 851 521 607 536 700 750 783 878 713 696 881 966 836 801 654 670 554 667
 659 491 520 296 303 521 299 370 365 309 284 243 423 443 467 626 526 78210903514
22501464100111141250127914241256 907 9171319 813 9201054120716561114114011791324
12631018107613981410120811121529168515551771177319432173211728912186251820802930
2432292523861991265920832481236926232878302423162286
     185=N    1833=I 235-                                            -3(20F4.0)~
13271289131111221219 964 967 733 9751027 822 603 598 595 800 725 692 9191113 790
 840 816 849 800 948 8821350135615541561 850 661 543 379 553 470 494 427 469 518
 481 417 406 437 295 362 425 522 721 787 811 776 917 645 730 8981321 938 693 754
 865 688 81712311939210824742007336841104100356932103037234527222347251927362771
25142400290226992626210520022080216226752235247918341710157415151382134710731512
15281205130214041719150717221999146114951684174017251741147816352096226722011715
19771887200325252231196018121824295920201412152215061814181725743359277324113564
23102101291232353233255624652643206421362444232418852657283224601566168715301896
23171563152522951889235416281684147218471594235920891705169620513005215319262198
23003178352223032827
